xof 0303txt 0032
template AnimTicksPerSecond {
 <9e415a43-7ba6-4a73-8743-b73d47e88476>
 DWORD AnimTicksPerSecond;
}

template Frame {
 <3d82ab46-62da-11cf-ab39-0020af71e433>
 [...]
}

template Matrix4x4 {
 <f6f23f45-7686-11cf-8f52-0040333594a3>
 array FLOAT matrix[16];
}

template FrameTransformMatrix {
 <f6f23f41-7686-11cf-8f52-0040333594a3>
 Matrix4x4 frameMatrix;
}

template Vector {
 <3d82ab5e-62da-11cf-ab39-0020af71e433>
 FLOAT x;
 FLOAT y;
 FLOAT z;
}

template MeshFace {
 <3d82ab5f-62da-11cf-ab39-0020af71e433>
 DWORD nFaceVertexIndices;
 array DWORD faceVertexIndices[nFaceVertexIndices];
}

template Mesh {
 <3d82ab44-62da-11cf-ab39-0020af71e433>
 DWORD nVertices;
 array Vector vertices[nVertices];
 DWORD nFaces;
 array MeshFace faces[nFaces];
 [...]
}

template MeshNormals {
 <f6f23f43-7686-11cf-8f52-0040333594a3>
 DWORD nNormals;
 array Vector normals[nNormals];
 DWORD nFaceNormals;
 array MeshFace faceNormals[nFaceNormals];
}

template Coords2d {
 <f6f23f44-7686-11cf-8f52-0040333594a3>
 FLOAT u;
 FLOAT v;
}

template MeshTextureCoords {
 <f6f23f40-7686-11cf-8f52-0040333594a3>
 DWORD nTextureCoords;
 array Coords2d textureCoords[nTextureCoords];
}

template ColorRGBA {
 <35ff44e0-6c7c-11cf-8f52-0040333594a3>
 FLOAT red;
 FLOAT green;
 FLOAT blue;
 FLOAT alpha;
}

template ColorRGB {
 <d3e16e81-7835-11cf-8f52-0040333594a3>
 FLOAT red;
 FLOAT green;
 FLOAT blue;
}

template Material {
 <3d82ab4d-62da-11cf-ab39-0020af71e433>
 ColorRGBA faceColor;
 FLOAT power;
 ColorRGB specularColor;
 ColorRGB emissiveColor;
 [...]
}

template MeshMaterialList {
 <f6f23f42-7686-11cf-8f52-0040333594a3>
 DWORD nMaterials;
 DWORD nFaceIndexes;
 array DWORD faceIndexes[nFaceIndexes];
 [Material <3d82ab4d-62da-11cf-ab39-0020af71e433>]
}

template VertexDuplicationIndices {
 <b8d65549-d7c9-4995-89cf-53a9a8b031e3>
 DWORD nIndices;
 DWORD nOriginalVertices;
 array DWORD indices[nIndices];
}

template XSkinMeshHeader {
 <3cf169ce-ff7c-44ab-93c0-f78f62d172e2>
 WORD nMaxSkinWeightsPerVertex;
 WORD nMaxSkinWeightsPerFace;
 WORD nBones;
}

template SkinWeights {
 <6f0d123b-bad2-4167-a0d0-80224f25fabb>
 STRING transformNodeName;
 DWORD nWeights;
 array DWORD vertexIndices[nWeights];
 array FLOAT weights[nWeights];
 Matrix4x4 matrixOffset;
}

template Animation {
 <3d82ab4f-62da-11cf-ab39-0020af71e433>
 [...]
}

template AnimationSet {
 <3d82ab50-62da-11cf-ab39-0020af71e433>
 [Animation <3d82ab4f-62da-11cf-ab39-0020af71e433>]
}

template FloatKeys {
 <10dd46a9-775b-11cf-8f52-0040333594a3>
 DWORD nValues;
 array FLOAT values[nValues];
}

template TimedFloatKeys {
 <f406b180-7b3b-11cf-8f52-0040333594a3>
 DWORD time;
 FloatKeys tfkeys;
}

template AnimationKey {
 <10dd46a8-775b-11cf-8f52-0040333594a3>
 DWORD keyType;
 DWORD nKeys;
 array TimedFloatKeys keys[nKeys];
}


AnimTicksPerSecond {
 4800;
}

Frame {
 

 FrameTransformMatrix {
  1.000000,0.000000,0.000000,0.000000,0.000000,1.000000,0.000000,0.000000,0.000000,0.000000,1.000000,0.000000,0.000000,0.000000,0.000000,1.000000;;
 }

 Frame Bip001 {
  

  FrameTransformMatrix {
   0.000001,0.000000,1.000000,0.000000,-0.000000,1.000000,-0.000000,0.000000,-1.000000,-0.000000,0.000001,0.000000,0.000000,19.158077,-0.000001,1.000000;;
  }

  Frame Bip001_Pelvis {
   

   FrameTransformMatrix {
    0.000000,1.000000,0.000001,0.000000,-0.000001,0.000001,-1.000000,0.000000,-1.000000,0.000000,0.000001,0.000000,0.000000,0.000000,0.000000,1.000000;;
   }

   Frame Bip001_Spine {
    

    FrameTransformMatrix {
     1.000000,0.000001,-0.000796,0.000000,-0.000001,1.000000,-0.000004,0.000000,0.000796,0.000004,1.000000,0.000000,1.953884,0.000003,0.002344,1.000000;;
    }

    Frame Bip001_Spine1 {
     

     FrameTransformMatrix {
      1.000000,0.000000,0.000000,0.000000,-0.000000,1.000000,-0.000000,0.000000,0.000000,0.000000,1.000000,0.000000,2.944984,-0.000000,0.002345,1.000000;;
     }

     Frame Bip001_Spine2 {
      

      FrameTransformMatrix {
       1.000000,-0.000000,0.000000,0.000000,0.000000,1.000000,-0.000000,0.000000,-0.000000,0.000000,1.000000,0.000000,2.944984,-0.000000,0.002345,1.000000;;
      }

      Frame Bip001_Neck {
       

       FrameTransformMatrix {
        1.000000,-0.000000,0.000000,0.000000,-0.000000,1.000000,-0.000000,0.000000,0.000000,-0.000000,1.000000,0.000000,2.944984,-0.000000,0.001015,1.000000;;
       }

       Frame Bip001_L_Clavicle {
        

        FrameTransformMatrix {
         -0.000000,1.000000,0.000003,0.000000,1.000000,0.000000,0.000796,0.000000,0.000796,0.000003,-1.000000,0.000000,0.000000,0.594660,-0.001013,1.000000;;
        }

        Frame Bip001_L_UpperArm {
         

         FrameTransformMatrix {
          0.186174,-0.977608,-0.098088,0.000000,0.982517,0.185244,0.018586,0.000000,-0.000000,-0.099833,0.995004,0.000000,2.208739,-0.000000,-0.000000,1.000000;;
         }

         Frame Bip001_L_Forearm {
          

          FrameTransformMatrix {
           0.980067,-0.000000,0.198669,0.000000,-0.000000,1.000000,-0.000000,0.000000,-0.198669,-0.000000,0.980067,0.000000,5.097094,0.000001,-0.000000,1.000000;;
          }

          Frame Bip001_L_Hand {
           

           FrameTransformMatrix {
            1.000000,0.000000,-0.000000,0.000000,-0.000000,0.000796,-1.000000,0.000000,0.000000,1.000000,0.000796,0.000000,5.097094,-0.000000,-0.000000,1.000000;;
           }

           Frame Bip001_L_Finger0 {
            

            FrameTransformMatrix {
             0.955337,-0.173893,-0.238942,0.000000,0.295520,0.562148,0.772436,0.000000,-0.000000,-0.808549,0.588429,0.000000,1.486649,-1.061893,0.000845,1.000000;;
            }

            Frame Bip001_L_Finger01 {
             

             FrameTransformMatrix {
              0.972901,0.000000,-0.231222,0.000000,-0.000000,1.000000,-0.000000,0.000000,0.231222,-0.000000,0.972901,0.000000,0.530945,0.000000,0.000000,1.000000;;
             }

             Frame Bip001_L_Finger02 {
              

              FrameTransformMatrix {
               0.972901,-0.000000,-0.231222,0.000000,0.000000,1.000000,-0.000000,0.000000,0.231222,-0.000000,0.972901,0.000000,0.530947,-0.000000,-0.000000,1.000000;;
              }
             }
            }
           }

           Frame Bip001_L_Finger1 {
            

            FrameTransformMatrix {
             1.000000,-0.000000,-0.000000,0.000000,-0.000000,1.000000,-0.000796,0.000000,-0.000000,0.000796,1.000000,0.000000,2.123787,-0.637136,0.000507,1.000000;;
            }

            Frame Bip001_L_Finger11 {
             

             FrameTransformMatrix {
              0.972901,-0.000000,-0.231222,0.000000,0.000000,1.000000,0.000000,0.000000,0.231222,-0.000000,0.972901,0.000000,0.637136,0.000000,0.000000,1.000000;;
             }

             Frame Bip001_L_Finger12 {
              

              FrameTransformMatrix {
               0.972901,-0.000000,-0.231222,0.000000,0.000000,1.000000,-0.000000,0.000000,0.231222,-0.000000,0.972901,0.000000,0.637136,-0.000000,-0.000000,1.000000;;
              }
             }
            }
           }

           Frame Bip001_L_Finger2 {
            

            FrameTransformMatrix {
             1.000000,-0.000000,-0.000000,0.000000,-0.000000,1.000000,-0.000796,0.000000,-0.000000,0.000796,1.000000,0.000000,2.123785,-0.212379,0.000169,1.000000;;
            }

            Frame Bip001_L_Finger21 {
             

             FrameTransformMatrix {
              0.972901,-0.000000,-0.231222,0.000000,0.000000,1.000000,0.000000,0.000000,0.231222,-0.000000,0.972901,0.000000,0.743323,-0.000000,0.000000,1.000000;;
             }

             Frame Bip001_L_Finger22 {
              

              FrameTransformMatrix {
               0.972901,-0.000000,-0.231222,0.000000,0.000000,1.000000,-0.000000,0.000000,0.231222,-0.000000,0.972901,0.000000,0.743326,0.000000,0.000000,1.000000;;
              }
             }
            }
           }

           Frame Bip001_L_Finger3 {
            

            FrameTransformMatrix {
             1.000000,-0.000000,-0.000000,0.000000,-0.000000,1.000000,-0.000796,0.000000,-0.000000,0.000796,1.000000,0.000000,2.123785,0.212379,-0.000169,1.000000;;
            }

            Frame Bip001_L_Finger31 {
             

             FrameTransformMatrix {
              0.972901,-0.000000,-0.231222,0.000000,0.000000,1.000000,0.000000,0.000000,0.231222,-0.000000,0.972901,0.000000,0.637136,0.000000,-0.000000,1.000000;;
             }

             Frame Bip001_L_Finger32 {
              

              FrameTransformMatrix {
               0.972901,-0.000000,-0.231222,0.000000,0.000000,1.000000,-0.000000,0.000000,0.231222,-0.000000,0.972901,0.000000,0.637138,-0.000000,-0.000000,1.000000;;
              }
             }
            }
           }

           Frame Bip001_L_Finger4 {
            

            FrameTransformMatrix {
             1.000000,-0.000000,-0.000000,0.000000,-0.000000,1.000000,-0.000796,0.000000,-0.000000,0.000796,1.000000,0.000000,2.123785,0.637136,-0.000507,1.000000;;
            }

            Frame Bip001_L_Finger41 {
             

             FrameTransformMatrix {
              0.972901,-0.000000,-0.231222,0.000000,0.000000,1.000000,0.000000,0.000000,0.231222,-0.000000,0.972901,0.000000,0.530947,0.000000,-0.000000,1.000000;;
             }

             Frame Bip001_L_Finger42 {
              

              FrameTransformMatrix {
               0.972901,-0.000000,-0.231222,0.000000,0.000000,1.000000,-0.000000,0.000000,0.231222,-0.000000,0.972901,0.000000,0.530945,-0.000000,0.000000,1.000000;;
              }
             }
            }
           }
          }
         }
        }
       }

       Frame Bip001_R_Clavicle {
        

        FrameTransformMatrix {
         -0.000000,-1.000000,-0.000003,0.000000,-1.000000,0.000000,-0.000796,0.000000,0.000796,0.000003,-1.000000,0.000000,0.000000,-0.594660,-0.001016,1.000000;;
        }

        Frame Bip001_R_UpperArm {
         

         FrameTransformMatrix {
          0.186174,0.977608,-0.098088,0.000000,-0.982517,0.185244,-0.018586,0.000000,0.000000,0.099834,0.995004,0.000000,2.208739,-0.000000,-0.000000,1.000000;;
         }

         Frame Bip001_R_Forearm {
          

          FrameTransformMatrix {
           0.980067,0.000000,0.198669,0.000000,-0.000000,1.000000,-0.000000,0.000000,-0.198669,-0.000000,0.980067,0.000000,5.097094,0.000000,0.000000,1.000000;;
          }

          Frame Bip001_R_Hand {
           

           FrameTransformMatrix {
            1.000000,0.000000,-0.000000,0.000000,0.000000,0.000796,1.000000,0.000000,0.000000,-1.000000,0.000796,0.000000,5.097094,0.000000,0.000000,1.000000;;
           }

           Frame Bip001_R_Finger0 {
            

            FrameTransformMatrix {
             0.955337,0.173893,-0.238943,0.000000,-0.295520,0.562148,-0.772436,0.000000,0.000000,0.808549,0.588429,0.000000,1.486649,1.061893,0.000847,1.000000;;
            }

            Frame Bip001_R_Finger01 {
             

             FrameTransformMatrix {
              0.972901,-0.000000,-0.231222,0.000000,0.000000,1.000000,-0.000000,0.000000,0.231222,0.000000,0.972901,0.000000,0.530947,-0.000000,0.000000,1.000000;;
             }

             Frame Bip001_R_Finger02 {
              

              FrameTransformMatrix {
               0.972901,0.000000,-0.231222,0.000000,0.000000,1.000000,0.000000,0.000000,0.231222,-0.000000,0.972901,0.000000,0.530949,-0.000000,-0.000000,1.000000;;
              }
             }
            }
           }

           Frame Bip001_R_Finger1 {
            

            FrameTransformMatrix {
             1.000000,0.000000,0.000000,0.000000,-0.000000,1.000000,0.000796,0.000000,0.000000,-0.000796,1.000000,0.000000,2.123785,0.637136,0.000507,1.000000;;
            }

            Frame Bip001_R_Finger11 {
             

             FrameTransformMatrix {
              0.972901,-0.000000,-0.231222,0.000000,0.000000,1.000000,-0.000000,0.000000,0.231222,-0.000000,0.972901,0.000000,0.637137,0.000000,0.000000,1.000000;;
             }

             Frame Bip001_R_Finger12 {
              

              FrameTransformMatrix {
               0.972901,-0.000000,-0.231222,0.000000,0.000000,1.000000,0.000000,0.000000,0.231222,0.000000,0.972901,0.000000,0.637136,0.000000,0.000000,1.000000;;
              }
             }
            }
           }

           Frame Bip001_R_Finger2 {
            

            FrameTransformMatrix {
             1.000000,0.000000,0.000000,0.000000,-0.000000,1.000000,0.000796,0.000000,0.000000,-0.000796,1.000000,0.000000,2.123785,0.212379,0.000170,1.000000;;
            }

            Frame Bip001_R_Finger21 {
             

             FrameTransformMatrix {
              0.972901,-0.000000,-0.231222,0.000000,0.000000,1.000000,-0.000000,0.000000,0.231222,-0.000000,0.972901,0.000000,0.743323,0.000000,-0.000000,1.000000;;
             }

             Frame Bip001_R_Finger22 {
              

              FrameTransformMatrix {
               0.972901,-0.000000,-0.231222,0.000000,0.000000,1.000000,0.000000,0.000000,0.231222,0.000000,0.972901,0.000000,0.743326,-0.000000,0.000000,1.000000;;
              }
             }
            }
           }

           Frame Bip001_R_Finger3 {
            

            FrameTransformMatrix {
             1.000000,0.000000,0.000000,0.000000,-0.000000,1.000000,0.000796,0.000000,0.000000,-0.000796,1.000000,0.000000,2.123785,-0.212379,-0.000168,1.000000;;
            }

            Frame Bip001_R_Finger31 {
             

             FrameTransformMatrix {
              0.972901,-0.000000,-0.231222,0.000000,0.000000,1.000000,-0.000000,0.000000,0.231222,-0.000000,0.972901,0.000000,0.637136,-0.000000,0.000000,1.000000;;
             }

             Frame Bip001_R_Finger32 {
              

              FrameTransformMatrix {
               0.972901,-0.000000,-0.231222,0.000000,0.000000,1.000000,0.000000,0.000000,0.231222,0.000000,0.972901,0.000000,0.637136,0.000000,0.000000,1.000000;;
              }
             }
            }
           }

           Frame Bip001_R_Finger4 {
            

            FrameTransformMatrix {
             1.000000,0.000000,0.000000,0.000000,-0.000000,1.000000,0.000796,0.000000,0.000000,-0.000796,1.000000,0.000000,2.123785,-0.637135,-0.000506,1.000000;;
            }

            Frame Bip001_R_Finger41 {
             

             FrameTransformMatrix {
              0.972901,-0.000000,-0.231222,0.000000,0.000000,1.000000,-0.000000,0.000000,0.231222,-0.000000,0.972901,0.000000,0.530949,-0.000000,0.000000,1.000000;;
             }

             Frame Bip001_R_Finger42 {
              

              FrameTransformMatrix {
               0.972901,-0.000000,-0.231222,0.000000,0.000000,1.000000,0.000000,0.000000,0.231222,0.000000,0.972901,0.000000,0.530947,0.000000,0.000000,1.000000;;
              }
             }
            }
           }
          }
         }
        }
       }

       Frame Bip001_Head {
        

        FrameTransformMatrix {
         1.000000,-0.000000,0.000798,0.000000,0.000000,1.000000,0.000000,0.000000,-0.000798,-0.000000,1.000000,0.000000,1.274273,0.000000,0.000000,1.000000;;
        }
       }
      }
     }
    }

    Frame Bip001_L_Thigh {
     

     FrameTransformMatrix {
      -0.999253,0.038168,-0.005976,0.000000,-0.038188,-0.999265,0.003308,0.000000,-0.005845,0.003533,0.999977,0.000000,-1.953882,1.699030,-0.003896,1.000000;;
     }

     Frame Bip001_L_Calf {
      

      FrameTransformMatrix {
       0.995250,-0.000000,0.097351,0.000000,-0.000000,1.000000,-0.000000,0.000000,-0.097351,0.000000,0.995250,0.000000,8.495146,0.000000,-0.000000,1.000000;;
      }

      Frame Bip001_L_Foot {
       

       FrameTransformMatrix {
        0.995003,0.038186,-0.092254,0.000000,-0.038331,0.999265,0.000197,0.000000,0.092193,0.003341,0.995736,0.000000,8.495142,-0.000000,0.000000,1.000000;;
       }

       Frame Bip001_L_Toe0 {
        

        FrameTransformMatrix {
         -0.000000,-0.000000,-1.000000,0.000000,0.000000,1.000000,-0.000000,0.000000,1.000000,-0.000000,-0.000000,0.000000,1.953884,-0.807040,-2.514564,1.000000;;
        }

        Frame Bip001_L_Toe01 {
         

         FrameTransformMatrix {
          1.000000,0.000000,-0.000000,0.000000,-0.000000,1.000000,0.000000,0.000000,0.000000,-0.000000,1.000000,0.000000,0.254854,-0.000000,-0.000000,1.000000;;
         }
        }
       }

       Frame Bip001_L_Toe1 {
        

        FrameTransformMatrix {
         -0.000000,-0.000000,-1.000000,0.000000,0.000000,1.000000,-0.000000,0.000000,1.000000,-0.000000,-0.000000,0.000000,1.953884,-0.403520,-2.514564,1.000000;;
        }

        Frame Bip001_L_Toe11 {
         

         FrameTransformMatrix {
          1.000000,0.000000,-0.000000,0.000000,-0.000000,1.000000,0.000000,0.000000,0.000000,-0.000000,1.000000,0.000000,0.271845,0.000000,-0.000000,1.000000;;
         }
        }
       }

       Frame Bip001_L_Toe2 {
        

        FrameTransformMatrix {
         -0.000000,-0.000000,-1.000000,0.000000,0.000000,1.000000,-0.000000,0.000000,1.000000,-0.000000,-0.000000,0.000000,1.953884,-0.000000,-2.514564,1.000000;;
        }

        Frame Bip001_L_Toe21 {
         

         FrameTransformMatrix {
          1.000000,0.000000,-0.000000,0.000000,-0.000000,1.000000,0.000000,0.000000,0.000000,-0.000000,1.000000,0.000000,0.288835,0.000000,-0.000000,1.000000;;
         }
        }
       }

       Frame Bip001_L_Toe3 {
        

        FrameTransformMatrix {
         -0.000000,-0.000000,-1.000000,0.000000,0.000000,1.000000,-0.000000,0.000000,1.000000,-0.000000,-0.000000,0.000000,1.953884,0.403520,-2.514563,1.000000;;
        }

        Frame Bip001_L_Toe31 {
         

         FrameTransformMatrix {
          1.000000,0.000000,-0.000000,0.000000,-0.000000,1.000000,0.000000,0.000000,0.000000,-0.000000,1.000000,0.000000,0.305825,-0.000000,-0.000000,1.000000;;
         }
        }
       }

       Frame Bip001_L_Toe4 {
        

        FrameTransformMatrix {
         -0.000000,-0.000000,-1.000000,0.000000,0.000000,1.000000,-0.000000,0.000000,1.000000,-0.000000,-0.000000,0.000000,1.953884,0.807039,-2.514564,1.000000;;
        }

        Frame Bip001_L_Toe41 {
         

         FrameTransformMatrix {
          1.000000,0.000000,-0.000000,0.000000,-0.000000,1.000000,0.000000,0.000000,0.000000,-0.000000,1.000000,0.000000,0.322816,-0.000000,0.000000,1.000000;;
         }
        }
       }
      }
     }
    }

    Frame Bip001_R_Thigh {
     

     FrameTransformMatrix {
      -0.999237,-0.038631,-0.005780,0.000000,0.038651,-0.999247,-0.003353,0.000000,-0.005646,-0.003574,0.999978,0.000000,-1.953882,-1.699030,-0.003905,1.000000;;
     }

     Frame Bip001_R_Calf {
      

      FrameTransformMatrix {
       0.995288,-0.000000,0.096966,0.000000,-0.000000,1.000000,-0.000000,0.000000,-0.096966,-0.000000,0.995288,0.000000,8.495143,0.000000,-0.000000,1.000000;;
      }

      Frame Bip001_R_Foot {
       

       FrameTransformMatrix {
        0.995003,-0.038648,-0.092065,0.000000,0.038795,0.999247,-0.000192,0.000000,0.092003,-0.003381,0.995753,0.000000,8.495145,-0.000000,0.000000,1.000000;;
       }

       Frame Bip001_R_Toe0 {
        

        FrameTransformMatrix {
         0.000000,-0.000000,-1.000000,0.000000,0.000000,1.000000,-0.000000,0.000000,1.000000,-0.000000,-0.000000,0.000000,1.953884,0.807039,-2.514564,1.000000;;
        }

        Frame Bip001_R_Toe01 {
         

         FrameTransformMatrix {
          1.000000,-0.000000,0.000000,0.000000,-0.000000,1.000000,0.000000,0.000000,0.000000,0.000000,1.000000,0.000000,0.254854,0.000000,0.000000,1.000000;;
         }
        }
       }

       Frame Bip001_R_Toe1 {
        

        FrameTransformMatrix {
         0.000000,-0.000000,-1.000000,0.000000,0.000000,1.000000,-0.000000,0.000000,1.000000,-0.000000,-0.000000,0.000000,1.953884,0.403520,-2.514563,1.000000;;
        }

        Frame Bip001_R_Toe11 {
         

         FrameTransformMatrix {
          1.000000,-0.000000,0.000000,0.000000,-0.000000,1.000000,0.000000,0.000000,0.000000,0.000000,1.000000,0.000000,0.271845,0.000000,0.000000,1.000000;;
         }
        }
       }

       Frame Bip001_R_Toe2 {
        

        FrameTransformMatrix {
         0.000000,-0.000000,-1.000000,0.000000,0.000000,1.000000,-0.000000,0.000000,1.000000,-0.000000,-0.000000,0.000000,1.953884,-0.000000,-2.514564,1.000000;;
        }

        Frame Bip001_R_Toe21 {
         

         FrameTransformMatrix {
          1.000000,-0.000000,0.000000,0.000000,-0.000000,1.000000,0.000000,0.000000,0.000000,0.000000,1.000000,0.000000,0.288835,-0.000000,-0.000000,1.000000;;
         }
        }
       }

       Frame Bip001_R_Toe3 {
        

        FrameTransformMatrix {
         0.000000,-0.000000,-1.000000,0.000000,0.000000,1.000000,-0.000000,0.000000,1.000000,-0.000000,-0.000000,0.000000,1.953884,-0.403520,-2.514564,1.000000;;
        }

        Frame Bip001_R_Toe31 {
         

         FrameTransformMatrix {
          1.000000,-0.000000,0.000000,0.000000,-0.000000,1.000000,0.000000,0.000000,0.000000,0.000000,1.000000,0.000000,0.305825,0.000000,-0.000000,1.000000;;
         }
        }
       }

       Frame Bip001_R_Toe4 {
        

        FrameTransformMatrix {
         0.000000,-0.000000,-1.000000,0.000000,0.000000,1.000000,-0.000000,0.000000,1.000000,-0.000000,-0.000000,0.000000,1.953884,-0.807040,-2.514563,1.000000;;
        }

        Frame Bip001_R_Toe41 {
         

         FrameTransformMatrix {
          1.000000,-0.000000,0.000000,0.000000,-0.000000,1.000000,0.000000,0.000000,0.000000,0.000000,1.000000,0.000000,0.322816,-0.000000,-0.000000,1.000000;;
         }
        }
       }
      }
     }
    }
   }
  }
 }

 Frame Box002 {
  

  FrameTransformMatrix {
   1.000000,0.000000,0.000000,0.000000,0.000000,1.000000,0.000000,0.000000,0.000000,0.000000,1.000000,0.000000,0.000000,32.038826,-0.000001,1.000000;;
  }

  Mesh Box002 {
   1438;
   1.890225;3.835397;-1.962878;,
   -1.890225;3.835397;-1.962878;,
   -1.890225;3.835397;2.264349;,
   1.890225;3.835397;2.264349;,
   1.890225;3.835397;2.264349;,
   -1.890225;3.835397;2.264349;,
   -1.890225;-0.283207;2.264349;,
   1.890225;-0.283207;2.264349;,
   1.890225;-0.283207;2.264349;,
   1.890225;-0.283207;-1.962878;,
   1.890225;3.835397;-1.962878;,
   1.890225;3.835397;2.264349;,
   1.890225;-0.283207;-1.962878;,
   -1.890225;-0.283207;-1.962878;,
   -1.890225;3.835397;-1.962878;,
   1.890225;3.835397;-1.962878;,
   1.007807;-0.283207;-0.785486;,
   -1.007807;-0.283207;-0.785486;,
   -1.890225;-0.283207;-1.962878;,
   1.890225;-0.283207;-1.962878;,
   1.890225;-0.283207;2.264349;,
   1.007807;-0.283207;0.935940;,
   -1.890225;-0.283207;2.264349;,
   -1.007807;-0.283207;0.935940;,
   1.007807;-0.727665;-0.808024;,
   -1.007807;-0.727665;-0.808024;,
   -1.007807;-0.283207;-0.785486;,
   1.007807;-0.283207;-0.785486;,
   1.007807;-0.283207;-0.785486;,
   1.007807;-0.283207;0.935940;,
   1.007807;-0.727664;0.955316;,
   1.007807;-0.727665;-0.808024;,
   1.007807;-0.283207;0.935940;,
   -1.007807;-0.283207;0.935940;,
   -1.007807;-0.727664;0.955316;,
   1.007807;-0.727664;0.955316;,
   1.694065;-0.727664;-1.732683;,
   -1.694065;-0.727664;-1.732683;,
   -1.007807;-0.727665;-0.808024;,
   1.007807;-0.727665;-0.808024;,
   1.007807;-0.727665;-0.808024;,
   1.007807;-0.727664;0.955316;,
   1.694064;-0.727664;1.683946;,
   -1.007807;-0.727664;0.955316;,
   -1.694064;-0.727664;1.683946;,
   1.694064;-0.727664;1.683946;,
   1.007807;-0.727664;0.955316;,
   1.694065;-3.585868;-1.761876;,
   -1.694065;-3.585868;-1.761876;,
   -1.694065;-0.727664;-1.732683;,
   1.694065;-0.727664;-1.732683;,
   -1.694064;-0.727664;1.683946;,
   -1.694065;-3.585868;1.654753;,
   1.694065;-3.585868;1.654753;,
   1.694064;-0.727664;1.683946;,
   1.546330;-3.585868;-1.656925;,
   -1.546330;-3.585868;-1.656925;,
   -1.694065;-3.585868;-1.761876;,
   1.694065;-3.585868;-1.761876;,
   1.694065;-3.585868;-1.761876;,
   1.694065;-3.585868;1.654753;,
   1.546330;-3.585868;1.581735;,
   1.546330;-3.585868;-1.656925;,
   1.694065;-3.585868;1.654753;,
   -1.694065;-3.585868;1.654753;,
   -1.546330;-3.585868;1.581735;,
   1.546330;-3.585868;1.581735;,
   1.546330;-6.937974;-1.616292;,
   -1.546330;-6.937974;-1.616292;,
   -1.546330;-3.585868;-1.656925;,
   1.546330;-3.585868;-1.656925;,
   1.546330;-3.585868;-1.656925;,
   1.546330;-3.585868;1.581735;,
   1.546330;-6.937974;1.609238;,
   1.546330;-6.937974;-1.616292;,
   1.546330;-3.585868;1.581735;,
   -1.546330;-3.585868;1.581735;,
   -1.546330;-6.937974;1.609238;,
   1.546330;-6.937974;1.609238;,
   1.345433;-6.937974;-1.499378;,
   -1.345433;-6.937974;-1.499378;,
   -1.546330;-6.937974;-1.616292;,
   1.546330;-6.937974;-1.616292;,
   1.546330;-6.937974;1.609238;,
   1.345433;-6.937974;1.461133;,
   -1.546330;-6.937974;1.609238;,
   -1.345433;-6.937974;1.461133;,
   1.304373;-10.480480;-1.525067;,
   -1.304373;-10.480480;-1.525067;,
   -1.345433;-6.937974;-1.499378;,
   1.345433;-6.937974;-1.499378;,
   1.345433;-6.937974;-1.499378;,
   1.345433;-6.937974;1.461133;,
   1.304373;-10.480480;1.486823;,
   1.304373;-10.480480;-1.525067;,
   1.345433;-6.937974;1.461133;,
   -1.345433;-6.937974;1.461133;,
   -1.304373;-10.480480;1.486823;,
   1.304373;-10.480480;1.486823;,
   1.076162;-10.480480;-0.948050;,
   -1.076162;-10.480480;-0.948050;,
   -1.304373;-10.480480;-1.525067;,
   1.304373;-10.480480;-1.525067;,
   1.304373;-10.480480;1.486823;,
   1.076162;-10.480480;0.652954;,
   1.076162;-10.778637;-0.948050;,
   -1.076162;-10.778637;-0.948050;,
   -1.076162;-10.480480;-0.948050;,
   1.076162;-10.480480;-0.948050;,
   1.076162;-10.480480;-0.948050;,
   1.076162;-10.480480;0.652954;,
   1.076162;-10.778637;0.652954;,
   1.076162;-10.778637;-0.948050;,
   2.233132;-10.778637;-1.429902;,
   -2.233132;-10.778637;-1.429902;,
   -1.076162;-10.778637;-0.948050;,
   1.076162;-10.778637;-0.948050;,
   1.076162;-10.778637;0.652954;,
   2.233132;-10.778637;1.387693;,
   -1.076162;-10.778637;0.652954;,
   -2.233132;-10.778637;1.387693;,
   1.356349;-11.808647;-1.429902;,
   -0.000000;-13.936126;-1.429902;,
   -1.356349;-11.808647;-1.429902;,
   -1.144244;-12.044136;1.387693;,
   0.000000;-13.936126;1.387693;,
   1.144244;-12.044136;1.387693;,
   2.797772;-31.117635;2.152103;,
   1.769290;-31.117635;2.152103;,
   1.769393;-31.117635;-0.858056;,
   2.797772;-31.117635;-0.858056;,
   2.797772;-31.117635;3.267185;,
   1.769251;-31.117635;3.267185;,
   2.233132;-10.778637;-1.429902;,
   2.233132;-10.778637;1.387693;,
   1.909854;-11.172825;0.832157;,
   1.909854;-11.172825;-0.659962;,
   1.144244;-12.044136;1.387693;,
   0.000000;-13.936126;1.387693;,
   0.592855;-12.978178;0.832157;,
   0.592855;-12.978178;0.832157;,
   1.144244;-12.044136;0.832157;,
   1.144244;-12.044136;1.387693;,
   0.000000;-13.936126;1.387693;,
   -0.000000;-13.936126;-1.429902;,
   0.592855;-12.978178;-0.618593;,
   0.592855;-12.978178;0.832157;,
   1.356349;-11.808647;-1.429902;,
   1.144244;-12.044136;-0.659961;,
   0.592855;-12.978178;-0.618593;,
   0.592855;-12.978178;-0.618593;,
   -0.000000;-13.936126;-1.429902;,
   1.356349;-11.808647;-1.429902;,
   1.909854;-11.172825;-0.659962;,
   1.909854;-11.172825;0.832157;,
   2.565672;-12.044136;0.832157;,
   2.565672;-12.044136;-0.659961;,
   1.144244;-12.044136;0.832157;,
   0.592855;-12.978178;0.832157;,
   1.004340;-12.978178;0.832157;,
   1.876612;-12.044136;0.832157;,
   0.592855;-12.978178;0.832157;,
   0.592855;-12.978178;-0.618593;,
   1.004340;-12.978178;-0.647795;,
   1.004340;-12.978178;0.832157;,
   1.144244;-12.044136;-0.659961;,
   1.784955;-12.044136;-0.659961;,
   1.004340;-12.978178;-0.647795;,
   1.004340;-12.978178;-0.647795;,
   0.592855;-12.978178;-0.618593;,
   1.144244;-12.044136;-0.659961;,
   2.565672;-12.044136;-0.659961;,
   2.565672;-12.044136;0.832157;,
   2.572792;-13.402031;1.014084;,
   2.572792;-13.402031;1.014084;,
   2.674698;-13.402031;-0.859941;,
   2.565672;-12.044136;-0.659961;,
   1.876612;-12.044136;0.832157;,
   1.809357;-13.402031;1.093100;,
   2.572792;-13.402031;1.014084;,
   2.572792;-13.402031;1.014084;,
   2.565672;-12.044136;0.832157;,
   1.876612;-12.044136;0.832157;,
   1.004340;-12.978178;0.832157;,
   1.004340;-12.978178;-0.647795;,
   0.863745;-13.402031;-0.618593;,
   0.863745;-13.402031;1.093100;,
   1.004340;-12.978178;-0.647795;,
   1.784955;-12.044136;-0.659961;,
   1.769086;-13.402031;-0.859941;,
   1.769086;-13.402031;-0.859941;,
   0.863745;-13.402031;-0.618593;,
   1.004340;-12.978178;-0.647795;,
   1.769086;-13.402031;-0.859941;,
   1.769210;-20.081480;-0.019488;,
   1.763307;-20.081480;-0.019488;,
   0.863745;-20.081480;-0.019488;,
   0.863745;-13.402031;-0.618593;,
   1.769086;-13.402031;-0.859941;,
   0.863745;-20.081480;-0.019488;,
   2.674698;-13.402031;-0.859941;,
   2.572792;-13.402031;1.014084;,
   2.674698;-20.081480;1.909774;,
   2.674698;-20.081480;1.909774;,
   2.674698;-20.081480;-0.019488;,
   2.674698;-13.402031;-0.859941;,
   1.809357;-13.402031;1.093100;,
   1.809358;-20.081480;1.909774;,
   2.674698;-20.081480;1.909774;,
   2.674698;-20.081480;1.909774;,
   2.572792;-13.402031;1.014084;,
   1.809357;-13.402031;1.093100;,
   0.863745;-13.402031;1.093100;,
   0.863745;-13.402031;-0.618593;,
   0.863745;-20.081480;-0.019488;,
   0.863745;-20.081480;1.909774;,
   1.763307;-20.081480;-0.019488;,
   1.769210;-20.081480;-0.019488;,
   1.769237;-20.081480;0.324384;,
   2.674698;-20.081480;-0.019488;,
   2.674698;-20.081480;1.909774;,
   2.439932;-20.081480;1.568201;,
   2.439932;-20.081480;0.324384;,
   1.809358;-20.081480;1.909774;,
   1.798951;-20.081480;1.568201;,
   0.863745;-20.081480;1.909774;,
   0.863745;-20.081480;-0.019488;,
   1.098511;-20.081480;0.324384;,
   1.098511;-20.081480;1.568201;,
   1.098511;-20.081480;0.324384;,
   1.769237;-20.081480;0.324384;,
   1.764972;-20.521058;0.324384;,
   1.093108;-20.521058;0.324384;,
   2.439932;-20.081480;0.324384;,
   2.439932;-20.081480;1.568201;,
   2.436891;-20.521058;1.458687;,
   2.436891;-20.521058;0.324384;,
   1.798951;-20.081480;1.568201;,
   1.794782;-20.521058;1.458687;,
   2.436891;-20.521058;1.458687;,
   2.439932;-20.081480;1.568201;,
   1.098511;-20.081480;0.324384;,
   1.093108;-20.521058;0.324384;,
   1.093108;-20.521058;1.458687;,
   1.098511;-20.081480;1.568201;,
   1.087500;-20.977342;0.324384;,
   1.760810;-20.977344;0.324384;,
   1.769183;-20.977342;-0.019488;,
   1.769183;-20.977342;-0.019488;,
   0.891641;-20.977342;-0.019488;,
   1.087500;-20.977342;0.324384;,
   2.433734;-20.977342;0.324384;,
   2.433734;-20.977342;1.345010;,
   2.646803;-20.977342;1.909774;,
   2.646803;-20.977342;-0.019488;,
   1.790454;-20.977342;1.345010;,
   1.808121;-20.977342;1.909774;,
   1.087500;-20.977342;1.345010;,
   0.891641;-20.977342;1.909774;,
   1.769183;-20.977342;-0.019488;,
   1.769240;-28.676170;-0.671061;,
   0.891641;-28.676173;-0.671061;,
   0.891641;-20.977342;-0.019488;,
   2.646803;-20.977342;-0.019488;,
   2.646803;-20.977342;1.909774;,
   2.646803;-28.676173;0.563513;,
   2.646803;-28.676173;-0.671061;,
   1.808121;-20.977342;1.909774;,
   1.808121;-28.676173;0.563513;,
   2.646803;-28.676173;0.563513;,
   2.646803;-20.977342;1.909774;,
   0.891641;-20.977342;1.909774;,
   0.891641;-20.977342;-0.019488;,
   0.891641;-28.676173;-0.671061;,
   0.891641;-28.676173;0.563513;,
   1.769240;-28.676170;-0.671061;,
   1.769209;-28.676173;-0.364595;,
   1.338026;-28.676173;-0.364595;,
   1.338026;-28.676173;-0.364595;,
   0.891641;-28.676173;-0.671061;,
   1.769240;-28.676170;-0.671061;,
   2.646803;-28.676173;-0.671061;,
   2.646803;-28.676173;0.563513;,
   2.200418;-28.676173;0.506380;,
   2.200418;-28.676173;-0.364595;,
   1.808121;-28.676173;0.563513;,
   1.788335;-28.676173;0.506380;,
   0.891641;-28.676173;0.563513;,
   0.891641;-28.676173;-0.671061;,
   1.338026;-28.676173;-0.364595;,
   1.338026;-28.676173;0.506380;,
   2.200418;-28.676173;-0.364595;,
   2.200418;-28.977626;-0.364595;,
   1.769179;-28.977626;-0.364595;,
   1.769209;-28.676173;-0.364595;,
   2.200418;-28.676173;0.506380;,
   2.200418;-28.977626;0.506380;,
   2.200418;-28.977626;-0.364595;,
   2.200418;-28.676173;-0.364595;,
   1.788335;-28.676173;0.506380;,
   1.788335;-28.977626;0.506380;,
   2.200418;-28.977626;0.506380;,
   2.200418;-28.676173;0.506380;,
   1.338026;-28.676173;-0.364595;,
   1.338026;-28.977626;-0.364595;,
   1.338026;-28.977626;0.506380;,
   1.338026;-28.676173;0.506380;,
   1.338026;-29.304883;-0.364595;,
   1.769129;-29.304883;-0.364595;,
   1.769329;-29.304886;-0.610172;,
   0.914450;-29.304886;-0.610172;,
   2.200418;-29.304883;-0.364595;,
   2.200418;-29.304883;0.506380;,
   2.623993;-29.304886;1.005832;,
   2.623993;-29.304886;-0.610172;,
   2.200418;-29.304883;0.506380;,
   1.788335;-29.304883;0.506380;,
   1.807110;-29.304886;1.005832;,
   2.623993;-29.304886;1.005832;,
   1.338026;-29.304883;0.506380;,
   1.338026;-29.304883;-0.364595;,
   0.914450;-29.304886;-0.610172;,
   0.914450;-29.304886;1.005832;,
   0.914450;-29.304886;-0.610172;,
   1.769329;-29.304886;-0.610172;,
   1.769551;-30.031261;-0.704642;,
   0.649812;-30.031261;-0.704642;,
   2.623993;-29.304886;-0.610172;,
   2.623993;-29.304886;1.005832;,
   2.888631;-30.031261;1.411676;,
   2.888631;-30.031261;-0.704642;,
   2.623993;-29.304886;1.005832;,
   1.807110;-29.304886;1.005832;,
   1.818840;-30.031261;1.411676;,
   2.888631;-30.031261;1.411676;,
   0.914450;-29.304886;1.005832;,
   0.914450;-29.304886;-0.610172;,
   0.649812;-30.031261;-0.704642;,
   0.649812;-30.031261;1.411676;,
   1.769551;-30.031261;-0.704642;,
   1.769391;-30.536528;-0.858056;,
   0.740671;-30.536528;-0.858056;,
   0.649812;-30.031261;-0.704642;,
   2.888631;-30.031261;-0.704642;,
   2.888631;-30.031261;1.411676;,
   2.797772;-30.536528;2.152103;,
   2.797772;-30.536528;-0.858056;,
   1.818840;-30.031261;1.411676;,
   1.814813;-30.536528;2.152103;,
   2.797772;-30.536528;2.152103;,
   2.888631;-30.031261;1.411676;,
   0.649812;-30.031261;1.411676;,
   0.649812;-30.031261;-0.704642;,
   0.740671;-30.536528;-0.858056;,
   0.740671;-30.536528;2.152103;,
   1.769391;-30.536528;-0.858056;,
   1.769393;-31.117635;-0.858056;,
   0.740671;-31.117635;-0.858056;,
   0.740671;-30.536528;-0.858056;,
   2.797772;-30.536528;-0.858056;,
   2.797772;-30.536528;2.152103;,
   2.797772;-31.117635;2.152103;,
   2.797772;-31.117635;-0.858056;,
   0.740671;-30.536528;2.152103;,
   0.740671;-30.536528;-0.858056;,
   0.740671;-31.117635;-0.858056;,
   0.740671;-31.117635;2.152103;,
   1.814813;-30.536528;2.152103;,
   1.814813;-30.536528;3.267185;,
   2.797772;-30.536528;3.267185;,
   2.797772;-30.536528;2.152103;,
   2.797772;-30.536528;3.267185;,
   2.797772;-31.117635;3.267185;,
   0.740671;-31.117635;3.267185;,
   0.740671;-30.536528;3.267185;,
   1.814813;-30.536528;3.267185;,
   1.814813;-31.117635;3.267185;,
   2.797772;-31.117635;3.267185;,
   2.797772;-30.536528;3.267185;,
   1.338026;-29.304883;-0.364595;,
   1.338026;-28.977626;-0.364595;,
   1.769129;-29.304883;-0.364595;,
   2.200418;-29.304883;0.506380;,
   2.200418;-29.304883;-0.364595;,
   1.338026;-29.304883;0.506380;,
   1.788335;-29.304883;0.506380;,
   1.338026;-28.977626;0.506380;,
   1.338026;-29.304883;-0.364595;,
   1.338026;-29.304883;0.506380;,
   1.760810;-20.977344;0.324384;,
   1.087500;-20.977342;0.324384;,
   2.433734;-20.977342;1.345010;,
   2.433734;-20.977342;0.324384;,
   1.093108;-20.521058;1.458687;,
   1.087500;-20.977342;1.345010;,
   1.790454;-20.977342;1.345010;,
   1.794782;-20.521058;1.458687;,
   1.087500;-20.977342;0.324384;,
   1.087500;-20.977342;1.345010;,
   0.863745;-13.402031;1.093100;,
   0.863745;-20.081480;1.909774;,
   1.098511;-20.081480;1.568201;,
   1.093108;-20.521058;1.458687;,
   0.891641;-20.977342;1.909774;,
   0.891641;-28.676173;0.563513;,
   1.338026;-28.676173;0.506380;,
   1.338026;-29.304883;0.506380;,
   0.914450;-29.304886;1.005832;,
   0.914450;-29.304886;1.005832;,
   0.649812;-30.031261;1.411676;,
   0.649812;-30.031261;1.411676;,
   0.740671;-30.536528;2.152103;,
   0.740671;-30.536528;2.152103;,
   0.740671;-30.536528;3.267185;,
   0.740671;-30.536528;3.267185;,
   0.740671;-31.117635;3.267185;,
   2.200418;-29.304883;0.506380;,
   2.433734;-20.977342;1.345010;,
   2.436891;-20.521058;1.458687;,
   1.004340;-12.978178;0.832157;,
   0.863745;-13.402031;1.093100;,
   1.809357;-13.402031;1.093100;,
   1.809357;-13.402031;1.093100;,
   1.876612;-12.044136;0.832157;,
   1.004340;-12.978178;0.832157;,
   2.565672;-12.044136;0.832157;,
   1.909854;-11.172825;0.832157;,
   1.909854;-11.172825;0.832157;,
   2.233132;-10.778637;1.387693;,
   1.144244;-12.044136;1.387693;,
   1.144244;-12.044136;1.387693;,
   1.144244;-12.044136;0.832157;,
   1.909854;-11.172825;0.832157;,
   -2.233132;-10.778637;-1.429902;,
   2.233132;-10.778637;-1.429902;,
   1.356349;-11.808647;-1.429902;,
   2.233132;-10.778637;-1.429902;,
   1.909854;-11.172825;-0.659962;,
   1.909854;-11.172825;-0.659962;,
   1.144244;-12.044136;-0.659961;,
   1.356349;-11.808647;-1.429902;,
   1.909854;-11.172825;-0.659962;,
   2.565672;-12.044136;-0.659961;,
   1.784955;-12.044136;-0.659961;,
   1.144244;-12.044136;-0.659961;,
   1.784955;-12.044136;-0.659961;,
   2.565672;-12.044136;-0.659961;,
   2.674698;-13.402031;-0.859941;,
   1.769086;-13.402031;-0.859941;,
   2.674698;-13.402031;-0.859941;,
   2.674698;-20.081480;-0.019488;,
   2.439932;-20.081480;0.324384;,
   2.436891;-20.521058;0.324384;,
   2.433734;-20.977342;0.324384;,
   1.769183;-20.977342;-0.019488;,
   1.760810;-20.977344;0.324384;,
   2.433734;-20.977342;0.324384;,
   2.646803;-20.977342;-0.019488;,
   2.646803;-28.676173;-0.671061;,
   1.769240;-28.676170;-0.671061;,
   2.646803;-28.676173;-0.671061;,
   2.200418;-28.676173;-0.364595;,
   2.200418;-28.676173;-0.364595;,
   1.338026;-28.676173;-0.364595;,
   2.200418;-29.304883;-0.364595;,
   2.200418;-29.304883;-0.364595;,
   2.623993;-29.304886;-0.610172;,
   2.623993;-29.304886;-0.610172;,
   2.888631;-30.031261;-0.704642;,
   2.888631;-30.031261;-0.704642;,
   2.797772;-30.536528;-0.858056;,
   2.797772;-30.536528;-0.858056;,
   2.797772;-31.117635;-0.858056;,
   0.740671;-31.117635;3.267185;,
   0.740671;-31.117635;2.152103;,
   0.740671;-31.117635;-0.858056;,
   1.694065;-0.727664;-1.732683;,
   1.694064;-0.727664;1.683946;,
   1.694064;-0.801805;1.192711;,
   1.694065;-0.801805;-1.251381;,
   1.694065;-3.585868;1.654753;,
   1.694065;-1.658005;1.231068;,
   1.694065;-3.585868;-1.761876;,
   1.694065;-1.658005;-1.213024;,
   1.694065;-0.801805;-1.251381;,
   1.694064;-0.801805;1.192711;,
   3.911334;-0.801805;1.154360;,
   3.911335;-0.801805;-1.257507;,
   1.694064;-0.801805;1.192711;,
   1.694065;-1.658005;1.231068;,
   3.911335;-1.658005;1.201296;,
   3.911335;-1.658005;1.201296;,
   3.911334;-0.801805;1.154360;,
   1.694064;-0.801805;1.192711;,
   1.694065;-1.658005;-1.213024;,
   1.694065;-0.801805;-1.251381;,
   3.911335;-0.801805;-1.257507;,
   3.911335;-0.801805;-1.257507;,
   3.911335;-1.658005;-1.210572;,
   1.694065;-1.658005;-1.213024;,
   3.911335;-1.658005;1.201296;,
   3.911335;-1.658005;-1.210572;,
   3.911335;-0.801805;-1.257507;,
   3.911334;-0.801805;1.154360;,
   1.694065;-1.658005;1.231068;,
   1.694065;-1.658005;-1.213024;,
   2.405927;-1.658005;-0.623947;,
   2.405927;-1.658005;0.647338;,
   3.911335;-1.658005;-1.210572;,
   3.773552;-1.658005;-0.623947;,
   3.911335;-1.658005;1.201296;,
   3.773552;-1.658005;0.647338;,
   2.405927;-1.658005;0.647338;,
   2.405927;-1.658005;-0.623947;,
   2.684507;-5.735863;-1.174824;,
   2.684507;-5.735863;0.438228;,
   2.405927;-1.658005;-0.623947;,
   3.773552;-1.658005;-0.623947;,
   4.049684;-5.735863;-1.176055;,
   4.049684;-5.735863;-1.176055;,
   2.684507;-5.735863;-1.174824;,
   2.405927;-1.658005;-0.623947;,
   3.773552;-1.658005;-0.623947;,
   3.773552;-1.658005;0.647338;,
   4.049684;-5.735863;0.454236;,
   4.049684;-5.735863;-1.176055;,
   3.773552;-1.658005;0.647338;,
